1.000000 -0.000000 0.000000 0.000000 -0.000000 1.000000 -0.000000 0.000000 0.000000 0.000000 1.000000 0.000000
0.998761 0.001600 0.049730 0.050403 -0.001682 0.999997 0.001610 0.018288 -0.049727 -0.001691 0.998761 0.274709
0.994512 0.001624 0.104606 0.125089 -0.002051 0.999990 0.003977 0.051676 -0.104598 -0.004170 0.994506 0.567988
0.987851 -0.000218 0.155402 0.211178 -0.000903 0.999974 0.007139 0.076663 -0.155400 -0.007192 0.987825 0.828416
0.977182 -0.000632 0.212401 0.317315 -0.001896 0.999930 0.011700 0.096898 -0.212393 -0.011836 0.977113 1.102884
0.964249 0.000312 0.264999 0.429321 -0.004020 0.999901 0.013452 0.112421 -0.264968 -0.014036 0.964155 1.344650
0.948309 -0.001953 0.317343 0.557598 -0.002177 0.999917 0.012659 0.127331 -0.317342 -0.012696 0.948226 1.577143
0.929948 -0.004525 0.367662 0.699164 0.000969 0.999951 0.009857 0.143879 -0.367689 -0.008810 0.929907 1.799704
0.906974 -0.006051 0.421143 0.866964 0.003555 0.999971 0.006712 0.151226 -0.421171 -0.004591 0.906970 2.040991
0.884315 -0.006606 0.466844 1.030529 0.005069 0.999977 0.004548 0.169674 -0.466863 -0.001656 0.884328 2.254885
0.860082 -0.005024 0.510131 1.203107 0.004578 0.999987 0.002130 0.188501 -0.510135 0.000504 0.860094 2.465583
0.831222 -0.005101 0.555917 1.405914 0.005288 0.999985 0.001270 0.211823 -0.555915 0.001884 0.831237 2.688966
0.802478 -0.004392 0.596666 1.600241 0.004723 0.999988 0.001010 0.239157 -0.596663 0.002008 0.802489 2.882730
0.768262 -0.003796 0.640124 1.825869 0.004503 0.999990 0.000526 0.269432 -0.640120 0.002478 0.768271 3.085316
0.735251 -0.002547 0.677790 2.043251 0.004030 0.999992 -0.000614 0.279437 -0.677783 0.003183 0.735255 3.260443
0.699689 -0.003685 0.714438 2.275464 0.006138 0.999981 -0.000854 0.295141 -0.714421 0.004982 0.699698 3.423866
0.658604 -0.007184 0.752456 2.549099 0.010463 0.999945 0.000388 0.315455 -0.752417 0.007617 0.658643 3.592081
0.621584 -0.011747 0.783259 2.811864 0.016743 0.999858 0.001709 0.338732 -0.783169 0.012052 0.621693 3.736203
0.585865 -0.015915 0.810252 3.086227 0.021944 0.999752 0.003770 0.364220 -0.810112 0.015572 0.586069 3.875287
0.548609 -0.019411 0.835854 3.399571 0.025032 0.999664 0.006786 0.385107 -0.835704 0.017200 0.548910 4.029314
0.516993 -0.021394 0.855722 3.694370 0.025718 0.999625 0.009453 0.403511 -0.855603 0.017120 0.517349 4.165502
0.487419 -0.022532 0.872877 3.997542 0.025779 0.999603 0.011408 0.419899 -0.872788 0.016941 0.487806 4.299912
0.457539 -0.023910 0.888868 4.343658 0.026216 0.999567 0.013393 0.447141 -0.888803 0.017174 0.457967 4.440733
0.432703 -0.025110 0.901187 4.668140 0.027203 0.999521 0.014789 0.464996 -0.901126 0.018116 0.433178 4.564766
0.407518 -0.027097 0.912795 5.035077 0.028969 0.999440 0.016736 0.478446 -0.912737 0.019622 0.408075 4.694881
0.385973 -0.028145 0.922081 5.378363 0.030426 0.999379 0.017768 0.484983 -0.922008 0.021198 0.386590 4.812659
0.365641 -0.026998 0.930364 5.730107 0.032107 0.999350 0.016382 0.496427 -0.930202 0.023881 0.366270 4.927628
0.346226 -0.025272 0.937811 6.096500 0.035267 0.999281 0.013909 0.509770 -0.937488 0.028258 0.346868 5.038982
0.326283 -0.022932 0.944994 6.515569 0.038515 0.999198 0.010949 0.526313 -0.944487 0.032824 0.326905 5.159715
0.310089 -0.021151 0.950472 6.913493 0.041417 0.999104 0.008721 0.545027 -0.949805 0.036661 0.310687 5.266726
0.295618 -0.020202 0.955093 7.325004 0.043204 0.999036 0.007759 0.562169 -0.954329 0.038971 0.296205 5.375238
0.281602 -0.019948 0.959324 7.794711 0.043429 0.999024 0.008025 0.578748 -0.958548 0.039402 0.282194 5.498309
0.270341 -0.020989 0.962536 8.238622 0.042554 0.999046 0.009833 0.591691 -0.961824 0.038302 0.270977 5.612904
0.259881 -0.021760 0.965395 8.698070 0.042877 0.999020 0.010975 0.613455 -0.964688 0.038541 0.260559 5.725367
0.249744 -0.021739 0.968068 9.172680 0.044738 0.998939 0.010891 0.638816 -0.967278 0.040590 0.250452 5.831274
0.239624 -0.021118 0.970636 9.711606 0.047007 0.998843 0.010127 0.650835 -0.969727 0.043200 0.240340 5.945600
0.232004 -0.023620 0.972428 10.214958 0.047632 0.998782 0.012897 0.653385 -0.971548 0.043326 0.232846 6.049144
0.226474 -0.026633 0.973653 10.727323 0.047735 0.998728 0.016215 0.663537 -0.972847 0.042805 0.227457 6.158320
0.221578 -0.028430 0.974728 11.292663 0.048278 0.998669 0.018154 0.683703 -0.973947 0.043035 0.222656 6.281245
0.218550 -0.028943 0.975396 11.803191 0.048630 0.998641 0.018737 0.696604 -0.974613 0.043338 0.219660 6.392336
0.216486 -0.030287 0.975816 12.311885 0.048838 0.998603 0.020160 0.708257 -0.975064 0.043293 0.217662 6.504339
0.215487 -0.030940 0.976016 12.870083 0.049455 0.998561 0.020735 0.713255 -0.975254 0.043801 0.216707 6.627284
0.215092 -0.030458 0.976119 13.375860 0.050414 0.998527 0.020048 0.717143 -0.975292 0.044898 0.216311 6.737563
0.215547 -0.030253 0.976025 13.928445 0.052789 0.998419 0.019289 0.719934 -0.975066 0.047366 0.216803 6.856993
0.217042 -0.029845 0.975706 14.428134 0.053527 0.998393 0.018632 0.721191 -0.974694 0.048183 0.218291 6.969222
0.218479 -0.028635 0.975421 14.923182 0.053260 0.998429 0.017381 0.716110 -0.974387 0.048153 0.219661 7.084372
0.219850 -0.026743 0.975167 15.415906 0.052757 0.998487 0.015488 0.718462 -0.974106 0.048041 0.220928 7.198686
0.221620 -0.025235 0.974807 15.957058 0.052551 0.998521 0.013902 0.714960 -0.973716 0.048146 0.222618 7.324831
0.222839 -0.024203 0.974555 16.447925 0.053834 0.998472 0.012488 0.722391 -0.973368 0.049682 0.223802 7.434644
0.223758 -0.024101 0.974347 16.940815 0.055846 0.998369 0.011870 0.731611 -0.973044 0.051757 0.224739 7.541523
0.224831 -0.024942 0.974079 17.483985 0.057620 0.998263 0.012262 0.741352 -0.972693 0.053369 0.225877 7.664215
0.226010 -0.025478 0.973792 17.978013 0.058371 0.998216 0.012570 0.753245 -0.972375 0.054001 0.227094 7.778294
0.227165 -0.025081 0.973533 18.519796 0.057343 0.998278 0.012338 0.756281 -0.972167 0.053022 0.228213 7.907284
0.227816 -0.024618 0.973393 19.013768 0.057325 0.998285 0.011831 0.758847 -0.972015 0.053105 0.228836 8.023074
0.228304 -0.024958 0.973270 19.509655 0.058045 0.998242 0.011983 0.770941 -0.971858 0.053757 0.229351 8.135705
0.227852 -0.025939 0.973350 20.065539 0.059975 0.998121 0.012559 0.786932 -0.971847 0.055515 0.228980 8.261333
0.226109 -0.027201 0.973722 20.578026 0.062101 0.997979 0.013458 0.798147 -0.972120 0.057426 0.227341 8.375509
0.224017 -0.027137 0.974207 21.089833 0.061045 0.998040 0.013764 0.806367 -0.972672 0.056387 0.225235 8.492948
0.221297 -0.026489 0.974847 21.653371 0.058950 0.998166 0.013740 0.808498 -0.973423 0.054427 0.222453 8.622865
0.217602 -0.025480 0.975705 22.166120 0.058478 0.998204 0.013026 0.813029 -0.974284 0.054223 0.218701 8.735684
0.211694 -0.024352 0.977032 22.730478 0.060750 0.998084 0.011714 0.821790 -0.975446 0.056875 0.212768 8.851501
0.207034 -0.024412 0.978029 23.248164 0.065525 0.997790 0.011035 0.840902 -0.976137 0.061801 0.208176 8.954386
0.204928 -0.025830 0.978436 23.769685 0.068636 0.997570 0.011960 0.871015 -0.976368 0.064705 0.206202 9.067371
0.204606 -0.028148 0.978440 24.293334 0.069311 0.997494 0.014202 0.899578 -0.976388 0.064911 0.206044 9.189038
0.206142 -0.029767 0.978069 24.873803 0.069275 0.997473 0.015757 0.923799 -0.976067 0.064507 0.207683 9.321475
0.207972 -0.030397 0.977662 25.404964 0.068630 0.997507 0.016415 0.950109 -0.975724 0.063683 0.209540 9.447384
0.209658 -0.029063 0.977343 25.940825 0.068407 0.997545 0.014989 0.974340 -0.975379 0.063715 0.211131 9.571215
0.211019 -0.027520 0.977094 26.538371 0.068261 0.997578 0.013355 1.001862 -0.975096 0.063880 0.212387 9.710527
0.212110 -0.027017 0.976872 27.092171 0.067490 0.997636 0.012938 1.024041 -0.974913 0.063185 0.213432 9.837893
0.212259 -0.026361 0.976858 27.654871 0.066523 0.997707 0.012469 1.051547 -0.974947 0.062337 0.213526 9.966572
0.210666 -0.025060 0.977237 28.285481 0.065243 0.997803 0.011523 1.097592 -0.975379 0.061330 0.211838 10.108344
0.208740 -0.023790 0.977682 28.872720 0.064480 0.997864 0.010514 1.132542 -0.975843 0.060847 0.209828 10.237214
0.206545 -0.022913 0.978169 29.536650 0.064817 0.997850 0.009688 1.173381 -0.976288 0.061401 0.207586 10.379457
0.204398 -0.022422 0.978631 30.156531 0.065938 0.997782 0.009089 1.206010 -0.976665 0.062671 0.205424 10.508419
0.202658 -0.022453 0.978992 30.792514 0.066522 0.997743 0.009113 1.240029 -0.976987 0.063278 0.203695 10.640441
0.201095 -0.021033 0.979346 31.520576 0.066011 0.997788 0.007874 1.263726 -0.977345 0.063064 0.202039 10.792371
0.199524 -0.018463 0.979719 32.199166 0.064768 0.997885 0.005615 1.301715 -0.977750 0.062334 0.200298 10.935803
0.197992 -0.015849 0.980075 32.893161 0.064689 0.997901 0.003069 1.337298 -0.978067 0.062793 0.198602 11.078240
0.196317 -0.014786 0.980429 33.678076 0.066245 0.997802 0.001783 1.378436 -0.978300 0.064598 0.196865 11.236068
0.194331 -0.015598 0.980812 34.411049 0.066918 0.997755 0.002609 1.409856 -0.978651 0.065127 0.194938 11.381889
0.192535 -0.018109 0.981123 35.161710 0.066998 0.997739 0.005268 1.437956 -0.979000 0.064719 0.193313 11.530691
0.190881 -0.020234 0.981405 36.011528 0.070227 0.997507 0.006907 1.468849 -0.979098 0.067603 0.191826 11.694860
0.190065 -0.020690 0.981553 36.794611 0.073437 0.997277 0.006801 1.493461 -0.979021 0.070790 0.191067 11.845714
0.189992 -0.021215 0.981556 37.591196 0.075595 0.997115 0.006919 1.521014 -0.978871 0.072886 0.191048 12.002708
0.191140 -0.022195 0.981312 38.479349 0.077520 0.996963 0.007450 1.547335 -0.978497 0.074647 0.192280 12.177604
0.193411 -0.023204 0.980843 39.297978 0.079824 0.996778 0.007840 1.569629 -0.977865 0.076778 0.194640 12.340509
0.197025 -0.023649 0.980113 40.206328 0.080308 0.996739 0.007907 1.594426 -0.977104 0.077153 0.198282 12.525782
0.200751 -0.023770 0.979354 41.039035 0.080247 0.996745 0.007743 1.619284 -0.976350 0.077036 0.202005 12.703177
0.205629 -0.027356 0.978248 41.877863 0.080755 0.996674 0.010897 1.642349 -0.975293 0.076758 0.207154 12.883731
0.212065 -0.031168 0.976758 42.802208 0.079693 0.996714 0.014503 1.667084 -0.974001 0.074766 0.213852 13.091759
0.217895 -0.031363 0.975468 43.639262 0.079471 0.996735 0.014295 1.691011 -0.972731 0.074407 0.219676 13.288718
0.224011 -0.028233 0.974177 44.471736 0.078480 0.996857 0.010844 1.715549 -0.971422 0.074024 0.225523 13.490236
0.230550 -0.025738 0.972720 45.387201 0.075808 0.997087 0.008415 1.735904 -0.970103 0.071800 0.231830 13.719651
0.236095 -0.024642 0.971417 46.218275 0.072908 0.997310 0.007579 1.740643 -0.968991 0.069035 0.237257 13.927462
0.241870 -0.025793 0.969966 47.052835 0.071034 0.997435 0.008810 1.729284 -0.967705 0.066769 0.243082 14.145914
0.248516 -0.026477 0.968266 47.966783 0.066896 0.997709 0.010113 1.732644 -0.966315 0.062260 0.249718 14.394325
0.253347 -0.026156 0.967022 48.795975 0.063380 0.997935 0.010387 1.734127 -0.965297 0.058658 0.254481 14.627502
0.257560 -0.023793 0.965969 49.617528 0.063531 0.997951 0.007641 1.739992 -0.964172 0.059401 0.258544 14.855899
0.261392 -0.021137 0.965001 50.514759 0.061916 0.998068 0.005090 1.744234 -0.963245 0.058419 0.262196 15.112331
0.264086 -0.019779 0.964296 51.328755 0.058870 0.998256 0.004353 1.749780 -0.962701 0.055618 0.264789 15.348440
0.266336 -0.021165 0.963648 52.143062 0.057096 0.998350 0.006147 1.755558 -0.962188 0.053384 0.267105 15.584982
0.267526 -0.022397 0.963290 53.035758 0.056513 0.998374 0.007518 1.770668 -0.961892 0.052427 0.268356 15.835475
0.266838 -0.021925 0.963492 53.843277 0.053632 0.998530 0.007869 1.786445 -0.962248 0.049574 0.267622 16.063209
0.263798 -0.019625 0.964378 54.646988 0.051026 0.998677 0.006366 1.803338 -0.963228 0.047529 0.264450 16.287407
0.258453 -0.016198 0.965888 55.531150 0.046896 0.998891 0.004203 1.818962 -0.964885 0.044210 0.258926 16.530265
0.251843 -0.013427 0.967675 56.334515 0.044601 0.999002 0.002254 1.841787 -0.966740 0.042592 0.252191 16.742930
0.243609 -0.012412 0.969794 57.220413 0.044363 0.999014 0.001642 1.869300 -0.968859 0.042624 0.243919 16.965025
0.235958 -0.013876 0.971664 58.026393 0.046012 0.998936 0.003092 1.896534 -0.970673 0.043979 0.236346 17.154612
0.229021 -0.016270 0.973285 58.835882 0.047923 0.998836 0.005421 1.917495 -0.972241 0.045401 0.229534 17.338932
0.222015 -0.017515 0.974886 59.725568 0.048848 0.998783 0.006820 1.942350 -0.973819 0.046107 0.222600 17.536798
0.216250 -0.017862 0.976175 60.536062 0.049343 0.998755 0.007344 1.964826 -0.975090 0.046579 0.216862 17.713311
0.210442 -0.018272 0.977436 61.347399 0.048991 0.998766 0.008123 1.987452 -0.976378 0.046176 0.211077 17.886526
0.204179 -0.019096 0.978747 62.243112 0.049703 0.998722 0.009117 2.021266 -0.977671 0.046786 0.204868 18.072915
0.199373 -0.018882 0.979742 63.057096 0.049931 0.998711 0.009087 2.049631 -0.978651 0.047108 0.200058 18.239158
0.195024 -0.018649 0.980621 63.871866 0.050248 0.998696 0.008999 2.081260 -0.979510 0.047519 0.195707 18.402472
0.190923 -0.018171 0.981437 64.769271 0.049991 0.998711 0.008766 2.109799 -0.980331 0.047390 0.191586 18.578919
0.187204 -0.017803 0.982160 65.585811 0.050440 0.998691 0.008489 2.136685 -0.981025 0.047951 0.187856 18.735685
0.183657 -0.017419 0.982836 66.402642 0.051489 0.998641 0.008077 2.160522 -0.981641 0.049121 0.184304 18.888322
0.180427 -0.018306 0.983418 67.300921 0.051007 0.998656 0.009231 2.173203 -0.982265 0.048495 0.181118 19.052699
0.177731 -0.019964 0.983876 68.118063 0.050866 0.998644 0.011075 2.183969 -0.982764 0.048078 0.178506 19.197542
0.176093 -0.018681 0.984196 68.933223 0.051115 0.998645 0.009810 2.191747 -0.983046 0.048580 0.176809 19.340967
0.174729 -0.014703 0.984507 69.827809 0.052342 0.998613 0.005624 2.196861 -0.983224 0.050549 0.175256 19.497459
0.173592 -0.010992 0.984756 70.640542 0.055316 0.998468 0.001394 2.204996 -0.983263 0.054231 0.173934 19.636217
0.172153 -0.009127 0.985028 71.536782 0.058659 0.998278 -0.001002 2.209253 -0.983322 0.057953 0.172392 19.786501
0.171268 -0.009058 0.985183 72.354544 0.058570 0.998283 -0.001003 2.210024 -0.983482 0.057874 0.171505 19.925810
0.170211 -0.010582 0.985351 73.172473 0.058773 0.998271 0.000568 2.202334 -0.983653 0.057815 0.170538 20.061093
0.168176 -0.012422 0.985679 74.071932 0.060266 0.998180 0.002297 2.202340 -0.983913 0.059017 0.168619 20.207250
0.164366 -0.012158 0.986324 74.883924 0.059374 0.998233 0.002410 2.197526 -0.984611 0.058166 0.164798 20.336517
0.159171 -0.009770 0.987203 75.695751 0.058835 0.998268 0.000393 2.199872 -0.985496 0.058019 0.159470 20.463959
0.153654 -0.007298 0.988098 76.588981 0.058559 0.998282 -0.001733 2.203073 -0.986388 0.058128 0.153817 20.597206
0.147983 -0.006828 0.988966 77.404101 0.060164 0.998186 -0.002111 2.206107 -0.987158 0.059813 0.148125 20.710734
0.142146 -0.008753 0.989807 78.222586 0.063593 0.997976 -0.000308 2.210897 -0.987801 0.062989 0.142415 20.817128
0.135402 -0.014246 0.990688 79.124795 0.066556 0.997769 0.005251 2.219997 -0.988553 0.065225 0.136048 20.928096
0.129300 -0.020430 0.991395 79.948682 0.065849 0.997758 0.011973 2.225741 -0.989417 0.063734 0.130355 21.031246
0.123382 -0.023212 0.992088 80.769175 0.064843 0.997778 0.015281 2.228772 -0.990238 0.062445 0.124613 21.131235
0.117634 -0.017851 0.992897 81.664583 0.065364 0.997809 0.010195 2.243388 -0.990904 0.063700 0.118543 21.233374
0.112112 -0.012500 0.993617 82.477218 0.067244 0.997724 0.004965 2.254866 -0.991418 0.066258 0.112697 21.318558
0.106780 -0.009486 0.994237 83.292077 0.068999 0.997615 0.002108 2.264216 -0.991886 0.068376 0.107179 21.399431
0.102301 -0.007425 0.994726 84.190644 0.069392 0.997589 0.000310 2.271953 -0.992330 0.068994 0.102570 21.491799
0.099101 -0.007177 0.995051 85.009651 0.073777 0.997275 -0.000154 2.280654 -0.992339 0.073427 0.099361 21.568101
0.096503 -0.007700 0.995303 85.831542 0.078517 0.996913 0.000100 2.294679 -0.992231 0.078139 0.096809 21.641683
0.092852 -0.010525 0.995624 86.735905 0.083596 0.996496 0.002739 2.309077 -0.992165 0.082975 0.093407 21.720130
0.090212 -0.011701 0.995854 87.555328 0.086910 0.996209 0.003832 2.320332 -0.992123 0.086204 0.090887 21.790011
0.088269 -0.010221 0.996044 88.456156 0.091071 0.995842 0.002149 2.338622 -0.991925 0.090521 0.088833 21.862117
0.086650 -0.009437 0.996194 89.276136 0.095754 0.995404 0.001101 2.355828 -0.991626 0.095294 0.087155 21.924936
0.085150 -0.011087 0.996306 90.099707 0.098281 0.995155 0.002674 2.374092 -0.991509 0.097691 0.085827 21.989711
0.083293 -0.015815 0.996400 91.007006 0.100589 0.994901 0.007383 2.390519 -0.991435 0.099612 0.084459 22.060656
0.081619 -0.016448 0.996528 91.831496 0.102283 0.994723 0.008041 2.411140 -0.991401 0.101271 0.082871 22.123875
0.080093 -0.012503 0.996709 92.650320 0.103371 0.994634 0.004170 2.429736 -0.991413 0.102697 0.080956 22.186628
0.078536 -0.004373 0.996902 93.546894 0.102886 0.994686 -0.003742 2.453351 -0.991588 0.102861 0.078569 22.257607
0.076244 0.000218 0.997089 94.363448 0.103546 0.994591 -0.008135 2.470162 -0.991698 0.103865 0.075809 22.316823
0.073107 -0.000612 0.997324 95.183016 0.104980 0.994449 -0.007085 2.482011 -0.991784 0.105217 0.072766 22.369949
0.068238 -0.004199 0.997660 96.082699 0.104191 0.994553 -0.002940 2.491068 -0.992214 0.104148 0.068304 22.423652
0.062965 -0.003716 0.998009 96.893936 0.103213 0.994655 -0.002809 2.501222 -0.992664 0.103184 0.063012 22.470217
0.057016 -0.001777 0.998372 97.702237 0.101760 0.994801 -0.004040 2.515892 -0.993174 0.101825 0.056900 22.512737
0.048739 -0.000969 0.998811 98.591971 0.102152 0.994761 -0.004019 2.531524 -0.993574 0.102226 0.048583 22.549712
0.040275 -0.001085 0.999188 99.400637 0.101256 0.994856 -0.003001 2.541238 -0.994045 0.101294 0.040178 22.573381
0.031408 -0.000268 0.999507 100.208886 0.097082 0.995273 -0.002783 2.548704 -0.994781 0.097121 0.031286 22.594486
0.021862 0.004681 0.999750 101.094204 0.096796 0.995281 -0.006777 2.561385 -0.995064 0.096920 0.021306 22.605235
0.013572 0.006268 0.999888 101.901554 0.096258 0.995328 -0.007546 2.572941 -0.995264 0.096350 0.012905 22.608078
0.005191 0.005620 0.999971 102.710598 0.092290 0.995714 -0.006076 2.580673 -0.995719 0.092319 0.004650 22.609429
-0.003855 0.002077 0.999990 103.603087 0.089852 0.995954 -0.001722 2.588621 -0.995948 0.089844 -0.004026 22.601458
-0.010990 0.000818 0.999939 104.414078 0.094082 0.995564 0.000220 2.602048 -0.995504 0.094078 -0.011018 22.580171
-0.018216 -0.000760 0.999834 105.305769 0.095001 0.995474 0.002487 2.616765 -0.995311 0.095031 -0.018061 22.551938
-0.023461 0.003024 0.999720 106.112608 0.092421 0.995720 -0.000843 2.628527 -0.995444 0.092375 -0.023640 22.529778
-0.027511 0.009118 0.999580 106.917868 0.092300 0.995710 -0.006542 2.639190 -0.995351 0.092081 -0.028235 22.500206
-0.031464 0.015925 0.999378 107.804877 0.094364 0.995454 -0.012891 2.648474 -0.995040 0.093900 -0.032824 22.460680
-0.035643 0.013643 0.999271 108.622212 0.088941 0.995982 -0.010426 2.651287 -0.995399 0.088505 -0.036713 22.433402
-0.039068 0.009755 0.999189 109.444436 0.083116 0.996519 -0.006479 2.655606 -0.995774 0.082795 -0.039743 22.405176
-0.042055 0.008885 0.999076 110.348559 0.078578 0.996892 -0.005558 2.658708 -0.996021 0.078272 -0.042622 22.366847
-0.044586 0.008375 0.998970 111.173067 0.076384 0.997066 -0.004950 2.666198 -0.996081 0.076084 -0.045095 22.327880
-0.047546 0.010879 0.998810 112.080308 0.077687 0.996952 -0.007161 2.676690 -0.995844 0.077254 -0.048246 22.277347
-0.050033 0.009908 0.998698 112.912988 0.077864 0.996946 -0.005990 2.683494 -0.995708 0.077463 -0.050651 22.229301
-0.052326 0.009744 0.998582 113.745515 0.079239 0.996840 -0.005575 2.686857 -0.995481 0.078835 -0.052933 22.175286
-0.054339 0.010058 0.998472 114.580835 0.079594 0.996811 -0.005709 2.689407 -0.995345 0.079162 -0.054966 22.119049
-0.056338 0.012623 0.998332 115.502433 0.079976 0.996764 -0.008090 2.695640 -0.995203 0.079387 -0.057166 22.046784
-0.058085 0.015293 0.998194 116.342398 0.080752 0.996678 -0.010571 2.699310 -0.995040 0.079992 -0.059127 21.974525
-0.059609 0.018157 0.998057 117.276133 0.080863 0.996636 -0.013302 2.704386 -0.994941 0.079913 -0.060877 21.900005
-0.061288 0.018614 0.997946 118.130664 0.080397 0.996669 -0.013653 2.706063 -0.994877 0.079395 -0.062580 21.828730
-0.062575 0.018426 0.997870 118.993455 0.078560 0.996818 -0.013480 2.708057 -0.994944 0.077549 -0.063823 21.761295
-0.063936 0.017668 0.997797 119.860821 0.078826 0.996809 -0.012600 2.708910 -0.994836 0.077847 -0.065125 21.690871
-0.065278 0.016208 0.997735 120.822773 0.079088 0.996807 -0.011019 2.714284 -0.994728 0.078190 -0.066351 21.596304
-0.066707 0.014768 0.997663 121.699514 0.080210 0.996734 -0.009391 2.716687 -0.994543 0.079396 -0.067673 21.516643
-0.067908 0.014948 0.997580 122.578908 0.081177 0.996655 -0.009409 2.719266 -0.994384 0.080341 -0.068895 21.432709
-0.069082 0.018501 0.997439 123.553777 0.079950 0.996715 -0.012950 2.721761 -0.994402 0.078850 -0.070335 21.346686
-0.070117 0.021414 0.997309 124.444200 0.080497 0.996631 -0.015740 2.720791 -0.994286 0.079176 -0.071605 21.263342
-0.071040 0.022392 0.997222 125.344537 0.080772 0.996594 -0.016624 2.721989 -0.994198 0.079366 -0.072606 21.181018
-0.072482 0.019927 0.997171 126.341593 0.078901 0.996782 -0.014184 2.719426 -0.994244 0.077650 -0.073821 21.090495
-0.073370 0.019539 0.997113 127.251018 0.078558 0.996815 -0.013753 2.714019 -0.994206 0.077323 -0.074671 21.013332
-0.074100 0.019473 0.997061 128.251548 0.079690 0.996728 -0.013544 2.707755 -0.994062 0.078452 -0.075409 20.925257
-0.075035 0.019762 0.996985 129.162071 0.079260 0.996759 -0.013792 2.701623 -0.994026 0.077986 -0.076358 20.845014
-0.075416 0.020733 0.996937 130.073008 0.079023 0.996764 -0.014751 2.689762 -0.994016 0.077668 -0.076810 20.768946
-0.075478 0.022169 0.996901 131.072094 0.081045 0.996582 -0.016026 2.674578 -0.993849 0.079584 -0.077016 20.683471
-0.076002 0.022332 0.996858 131.984027 0.083672 0.996366 -0.015941 2.657908 -0.993591 0.082198 -0.077594 20.605110
-0.076344 0.022101 0.996837 132.895620 0.082571 0.996460 -0.015769 2.632143 -0.993657 0.081106 -0.077898 20.532319
-0.077750 0.022398 0.996721 133.896763 0.082509 0.996463 -0.015956 2.614523 -0.993553 0.080997 -0.079323 20.447517
-0.078608 0.021505 0.996674 134.804101 0.081819 0.996534 -0.015049 2.591015 -0.993542 0.080364 -0.080095 20.369098
-0.080226 0.018613 0.996603 135.708610 0.082773 0.996497 -0.011948 2.573577 -0.993334 0.081533 -0.081486 20.285303
-0.081252 0.017932 0.996532 136.693524 0.085420 0.996285 -0.010962 2.555592 -0.993027 0.084233 -0.082482 20.191989
-0.081007 0.020181 0.996509 137.579977 0.086554 0.996161 -0.013138 2.539721 -0.992948 0.085187 -0.082443 20.107186
-0.079700 0.023407 0.996544 138.546638 0.089428 0.995861 -0.016239 2.520643 -0.992799 0.087825 -0.081464 20.014567
-0.077431 0.024872 0.996687 139.421618 0.093132 0.995498 -0.017607 2.505954 -0.992638 0.091460 -0.079399 19.929417
-0.074357 0.025245 0.996912 140.292122 0.096594 0.995161 -0.017996 2.493655 -0.992543 0.094958 -0.076435 19.853749
-0.070891 0.023766 0.997201 141.157747 0.096667 0.995174 -0.016846 2.478440 -0.992789 0.095202 -0.072846 19.788073
-0.067127 0.021705 0.997508 142.102835 0.098468 0.995027 -0.015025 2.463558 -0.992874 0.097214 -0.068930 19.715066
-0.063720 0.020767 0.997752 142.953567 0.098094 0.995072 -0.014447 2.444837 -0.993135 0.096953 -0.065443 19.656426
-0.060950 0.023640 0.997861 143.881621 0.096646 0.995162 -0.017673 2.431094 -0.993451 0.095362 -0.062940 19.597458
-0.058559 0.025861 0.997949 144.718558 0.097124 0.995070 -0.020087 2.419908 -0.993548 0.095749 -0.060782 19.556500
-0.056564 0.026824 0.998039 145.555557 0.098534 0.994909 -0.021156 2.410277 -0.993525 0.097144 -0.058919 19.507355
-0.055027 0.025945 0.998148 146.391282 0.099862 0.994793 -0.020353 2.393458 -0.993479 0.098557 -0.057331 19.459308
-0.053347 0.026382 0.998227 147.304401 0.100925 0.994675 -0.020895 2.372014 -0.993463 0.099632 -0.055726 19.411760
-0.051725 0.028644 0.998250 148.132011 0.100886 0.994625 -0.023313 2.356914 -0.993553 0.099503 -0.054336 19.366547
-0.050127 0.028379 0.998340 149.041723 0.099498 0.994765 -0.023281 2.340787 -0.993774 0.098166 -0.052688 19.322395
-0.048451 0.027490 0.998447 149.867222 0.097911 0.994938 -0.022642 2.325195 -0.994015 0.096662 -0.050898 19.280479
-0.046996 0.027176 0.998525 150.685927 0.096694 0.995059 -0.022531 2.303469 -0.994204 0.095492 -0.049391 19.244360
-0.045755 0.029209 0.998526 151.585869 0.095165 0.995154 -0.024750 2.284958 -0.994409 0.093892 -0.048313 19.207565
-0.044169 0.030235 0.998566 152.401547 0.092386 0.995382 -0.026052 2.262568 -0.994743 0.091103 -0.046759 19.191000
-0.041939 0.030996 0.998639 153.215095 0.093304 0.995272 -0.026973 2.243043 -0.994754 0.092045 -0.044632 19.167320
-0.037789 0.032072 0.998771 154.107793 0.097120 0.994871 -0.028272 2.220209 -0.994555 0.095933 -0.040710 19.141786
-0.033193 0.032239 0.998929 154.919302 0.097671 0.994800 -0.028860 2.199672 -0.994665 0.096608 -0.036169 19.121175
-0.028700 0.032214 0.999069 155.730618 0.094213 0.995118 -0.029380 2.175730 -0.995138 0.093282 -0.031595 19.109269
-0.023439 0.035431 0.999097 156.620461 0.091927 0.995214 -0.033137 2.148999 -0.995490 0.091067 -0.026584 19.100888
-0.018892 0.039636 0.999036 157.429811 0.089817 0.995241 -0.037787 2.127741 -0.995779 0.089017 -0.022362 19.095235
-0.014756 0.039820 0.999098 158.244421 0.087965 0.995384 -0.038373 2.101222 -0.996014 0.087320 -0.018191 19.098561
-0.010117 0.035626 0.999314 159.146286 0.085177 0.995764 -0.034637 2.072931 -0.996315 0.084768 -0.013109 19.093223
-0.006233 0.035319 0.999357 159.963739 0.081321 0.996084 -0.034696 2.046089 -0.996669 0.081053 -0.009081 19.093548
-0.001968 0.039084 0.999234 160.855750 0.080241 0.996020 -0.038800 2.019796 -0.996774 0.080103 -0.005097 19.088163
0.001236 0.044063 0.999028 161.665054 0.077682 0.996006 -0.044026 1.998014 -0.996977 0.077661 -0.002192 19.088012
0.002907 0.045218 0.998973 162.480682 0.074403 0.996198 -0.045309 1.969270 -0.997224 0.074458 -0.000469 19.091515
0.003924 0.040553 0.999170 163.304957 0.071950 0.996576 -0.040730 1.939122 -0.997401 0.072051 0.000993 19.088348
0.004504 0.036408 0.999327 164.211177 0.065272 0.997195 -0.036624 1.902108 -0.997857 0.065393 0.002115 19.087049
0.004503 0.035620 0.999355 165.030000 0.065511 0.997208 -0.035838 1.871624 -0.997842 0.065630 0.002157 19.076256
0.004298 0.040043 0.999189 165.924648 0.067124 0.996933 -0.040241 1.842422 -0.997735 0.067243 0.001597 19.058162
0.002974 0.043321 0.999057 166.738596 0.068388 0.996713 -0.043423 1.817336 -0.997654 0.068453 0.000002 19.042886
0.000623 0.044429 0.999012 167.552055 0.068869 0.996639 -0.044366 1.782244 -0.997626 0.068828 -0.002438 19.025273
-0.001912 0.043906 0.999034 168.449449 0.067523 0.996761 -0.043677 1.746719 -0.997716 0.067374 -0.004871 19.008074
-0.006216 0.044711 0.998981 169.261258 0.066025 0.996838 -0.044204 1.714313 -0.997799 0.065683 -0.009149 18.990500
-0.012256 0.043663 0.998971 170.073323 0.060320 0.997259 -0.042848 1.684170 -0.998104 0.059733 -0.014857 18.977826
-0.020984 0.041382 0.998923 170.964274 0.057157 0.997559 -0.040125 1.644735 -0.998145 0.056254 -0.023298 18.953513
-0.029425 0.039591 0.998783 171.773688 0.056652 0.997675 -0.037878 1.613526 -0.997960 0.055469 -0.031600 18.919660
-0.038486 0.040824 0.998425 172.579562 0.057074 0.997624 -0.038592 1.587330 -0.997628 0.055499 -0.040724 18.876966
-0.048853 0.041170 0.997957 173.466658 0.060366 0.997445 -0.038194 1.559924 -0.996980 0.058376 -0.051214 18.817563
-0.057937 0.040638 0.997493 174.277182 0.064110 0.997260 -0.036905 1.541446 -0.996260 0.061811 -0.060384 18.756945
-0.066924 0.040422 0.996939 175.084756 0.067928 0.997045 -0.035866 1.518379 -0.995443 0.065320 -0.069472 18.688929
-0.077345 0.042938 0.996079 176.010013 0.070425 0.996812 -0.037501 1.493817 -0.994514 0.067248 -0.080123 18.597726
-0.087743 0.045504 0.995103 176.935115 0.072912 0.996570 -0.039142 1.469251 -0.993471 0.069121 -0.090760 18.506613
-0.095697 0.049013 0.994203 177.665257 0.074016 0.996372 -0.041996 1.449188 -0.992655 0.069568 -0.098977 18.423863
-0.104210 0.052245 0.993182 178.479898 0.074292 0.996238 -0.044611 1.422831 -0.991777 0.069136 -0.107699 18.327434
-0.112309 0.053062 0.992256 179.297813 0.075463 0.996145 -0.044729 1.395206 -0.990804 0.069855 -0.115880 18.222294
-0.119916 0.051991 0.991422 180.203619 0.077703 0.996056 -0.042836 1.364772 -0.989739 0.071900 -0.123483 18.097899
-0.125601 0.050481 0.990796 181.031070 0.080746 0.995911 -0.040506 1.340240 -0.988789 0.074915 -0.129164 17.977278
-0.129840 0.048651 0.990341 181.862628 0.083687 0.995769 -0.037946 1.316606 -0.987997 0.077951 -0.133362 17.852783
-0.133302 0.047296 0.989946 182.781310 0.086454 0.995608 -0.035924 1.291454 -0.987297 0.080796 -0.136805 17.712800
-0.136375 0.046160 0.989581 183.619121 0.090414 0.995325 -0.033968 1.270698 -0.986523 0.084839 -0.139911 17.581277
-0.138889 0.045831 0.989247 184.460578 0.093126 0.995106 -0.033028 1.248715 -0.985920 0.087537 -0.142478 17.448281
-0.141220 0.046519 0.988885 185.389098 0.096687 0.994768 -0.032988 1.227323 -0.985246 0.090954 -0.144979 17.297882
-0.142437 0.047971 0.988641 186.239634 0.100534 0.994361 -0.033764 1.209508 -0.984685 0.094583 -0.146457 17.160317
-0.143545 0.049940 0.988383 187.097589 0.103860 0.993971 -0.035138 1.191686 -0.984179 0.097609 -0.147866 17.025196
-0.144717 0.051676 0.988123 188.045407 0.106014 0.993697 -0.036441 1.165925 -0.983778 0.099481 -0.149283 16.878481
-0.145496 0.053121 0.987932 188.900687 0.107612 0.993483 -0.037571 1.147880 -0.983489 0.100847 -0.150264 16.739271
-0.145947 0.051177 0.987968 189.763340 0.110787 0.993225 -0.035083 1.132048 -0.983070 0.104334 -0.150628 16.596406
-0.145814 0.047778 0.988158 190.717473 0.113777 0.993016 -0.031224 1.114124 -0.982748 0.107877 -0.150232 16.438520
-0.145800 0.045248 0.988279 191.588720 0.114100 0.993057 -0.028634 1.095480 -0.982712 0.108588 -0.149951 16.297918
-0.145586 0.047177 0.988220 192.459106 0.115659 0.992825 -0.030358 1.080304 -0.982562 0.109877 -0.149998 16.157573
-0.145475 0.048308 0.988182 193.422615 0.117642 0.992566 -0.031203 1.066370 -0.982343 0.111713 -0.150076 16.000682
-0.145667 0.047449 0.988195 194.299877 0.117196 0.992644 -0.030388 1.047979 -0.982368 0.111386 -0.150156 15.869851
-0.146807 0.043826 0.988194 195.181457 0.115567 0.992936 -0.026868 1.031038 -0.982391 0.110258 -0.150835 15.743146
-0.148602 0.043794 0.987927 196.147770 0.116515 0.992836 -0.026486 1.005342 -0.982009 0.111173 -0.152640 15.600670
-0.150890 0.045070 0.987523 197.028028 0.116951 0.992759 -0.027439 0.987120 -0.981608 0.111352 -0.155068 15.463531
-0.153261 0.051427 0.986847 197.992016 0.116528 0.992618 -0.033630 0.965759 -0.981291 0.109842 -0.158122 15.313994
-0.155403 0.053674 0.986392 198.873242 0.118405 0.992336 -0.035343 0.947826 -0.980729 0.111301 -0.160568 15.169745
-0.157526 0.053656 0.986056 199.758109 0.119920 0.992172 -0.034831 0.929188 -0.980207 0.112761 -0.162727 15.021870
-0.160165 0.050087 0.985819 200.646751 0.116228 0.992721 -0.031554 0.901548 -0.980224 0.109526 -0.164821 14.879723
-0.163072 0.047864 0.985452 201.624239 0.107116 0.993777 -0.030543 0.874853 -0.980782 0.100577 -0.167185 14.725976
-0.165486 0.053763 0.984746 202.504294 0.099535 0.994325 -0.037559 0.846594 -0.981177 0.091801 -0.169898 14.587873
-0.168260 0.063697 0.983683 203.380439 0.095029 0.994310 -0.048131 0.819792 -0.981152 0.085380 -0.173355 14.441619
-0.171747 0.071250 0.982561 204.346447 0.088132 0.994493 -0.056710 0.780523 -0.981191 0.076855 -0.177080 14.280450
-0.174517 0.070707 0.982112 205.231774 0.083098 0.994918 -0.056863 0.740007 -0.981141 0.071688 -0.179506 14.128573
-0.176348 0.065238 0.982164 206.120362 0.081291 0.995358 -0.051519 0.699504 -0.980965 0.070756 -0.180833 13.966611
-0.178058 0.061488 0.982097 207.094287 0.084401 0.995322 -0.047014 0.657885 -0.980394 0.074518 -0.182415 13.781408
-0.179486 0.061726 0.981822 207.975449 0.087346 0.995088 -0.046593 0.626063 -0.979875 0.077395 -0.183996 13.610592
-0.180915 0.061513 0.981573 208.943721 0.088745 0.994992 -0.045997 0.591749 -0.979487 0.078788 -0.185467 13.424936
-0.181902 0.060580 0.981449 209.824154 0.088677 0.995044 -0.044983 0.561947 -0.979310 0.078849 -0.186373 13.255781
-0.182922 0.059094 0.981350 210.703974 0.088451 0.995133 -0.043437 0.531142 -0.979140 0.078856 -0.187259 13.086921
-0.184041 0.058727 0.981163 211.669826 0.087990 0.995190 -0.043062 0.499489 -0.978972 0.078407 -0.188323 12.900229
-0.185123 0.060021 0.980881 212.545555 0.088348 0.995108 -0.044218 0.471768 -0.978736 0.078473 -0.189521 12.730736
-0.185512 0.062228 0.980670 213.419483 0.090089 0.994867 -0.046087 0.444489 -0.978504 0.079797 -0.190165 12.557943
-0.185352 0.065315 0.980499 214.379665 0.093671 0.994419 -0.048535 0.412424 -0.978198 0.082849 -0.190436 12.364884
-0.184116 0.066407 0.980659 215.253679 0.098579 0.993932 -0.048798 0.385936 -0.977949 0.087688 -0.189545 12.187518
-0.181765 0.066246 0.981108 216.129765 0.103201 0.993503 -0.047963 0.357654 -0.977912 0.092533 -0.187421 12.010787
-0.178597 0.065268 0.981755 217.095613 0.106573 0.993210 -0.046642 0.325220 -0.978134 0.096298 -0.184340 11.821652
-0.175568 0.064885 0.982327 217.974623 0.107317 0.993141 -0.046418 0.295965 -0.978600 0.097271 -0.181327 11.655941
-0.172227 0.064755 0.982927 218.855091 0.107401 0.993123 -0.046608 0.267197 -0.979185 0.097540 -0.177997 11.495353
-0.168487 0.064635 0.983582 219.824957 0.106020 0.993247 -0.047109 0.235470 -0.979986 0.096342 -0.174202 11.324388
-0.164601 0.064975 0.984218 220.707088 0.105136 0.993299 -0.047991 0.206327 -0.980741 0.095577 -0.170329 11.173158
-0.160304 0.064861 0.984934 221.591671 0.104616 0.993335 -0.048388 0.177072 -0.981508 0.095283 -0.166021 11.024535
-0.155682 0.064900 0.985673 222.566544 0.103913 0.993379 -0.048995 0.143577 -0.982327 0.094797 -0.161395 10.864830
-0.151628 0.063979 0.986365 223.456105 0.103644 0.993431 -0.048505 0.114006 -0.982989 0.094877 -0.157263 10.723685
-0.147622 0.062899 0.987042 224.347570 0.103907 0.993439 -0.047767 0.084130 -0.983571 0.095509 -0.153190 10.584434
-0.143265 0.060519 0.987832 225.332404 0.102118 0.993705 -0.046069 0.051809 -0.984402 0.094275 -0.148543 10.438191
-0.140032 0.059017 0.988387 226.229346 0.100983 0.993868 -0.045038 0.023849 -0.984984 0.093504 -0.145133 10.308138
-0.137378 0.057874 0.988826 227.127994 0.100419 0.993962 -0.044223 -0.004028 -0.985415 0.093222 -0.142360 10.180001
-0.135057 0.060241 0.989005 228.114878 0.098935 0.993982 -0.047034 -0.036171 -0.985886 0.091495 -0.140204 10.042623
-0.133197 0.062492 0.989117 229.013682 0.098981 0.993859 -0.049463 -0.063914 -0.986135 0.091316 -0.138565 9.918206
-0.131365 0.065280 0.989182 229.913798 0.099660 0.993644 -0.052339 -0.093814 -0.986312 0.091707 -0.137036 9.793824
-0.129791 0.064663 0.989431 230.909686 0.101301 0.993515 -0.051641 -0.127943 -0.986353 0.093528 -0.135499 9.655797
-0.128101 0.064553 0.989658 231.815720 0.104440 0.993209 -0.051266 -0.160598 -0.986247 0.096793 -0.133973 9.529063
-0.126568 0.065563 0.989789 232.720964 0.103980 0.993193 -0.052492 -0.193530 -0.986493 0.096275 -0.132524 9.407086
-0.124632 0.066809 0.989951 233.719810 0.104895 0.993026 -0.053811 -0.225012 -0.986643 0.097134 -0.130771 9.276471
-0.122402 0.066319 0.990262 234.632701 0.103250 0.993202 -0.053753 -0.257253 -0.987095 0.095665 -0.128418 9.159454
-0.120807 0.065007 0.990545 235.550183 0.101887 0.993395 -0.052768 -0.291855 -0.987433 0.094549 -0.126633 9.037503
-0.118412 0.062232 0.991012 236.559062 0.100551 0.993655 -0.050383 -0.326146 -0.987860 0.093681 -0.123918 8.906555
-0.116186 0.063065 0.991223 237.476669 0.101145 0.993545 -0.051358 -0.357823 -0.988064 0.094290 -0.121814 8.786686
-0.114079 0.065235 0.991327 238.487198 0.102200 0.993318 -0.053605 -0.396983 -0.988201 0.095199 -0.119984 8.663860
-0.112870 0.068172 0.991268 239.409695 0.102317 0.993137 -0.056651 -0.437614 -0.988328 0.095029 -0.119071 8.555941
-0.112092 0.069821 0.991242 240.335707 0.100807 0.993181 -0.058558 -0.477792 -0.988571 0.093360 -0.118366 8.451076
-0.111251 0.070280 0.991304 241.359653 0.099546 0.993267 -0.059247 -0.524061 -0.988794 0.092089 -0.117498 8.325486
-0.110184 0.070051 0.991439 242.298491 0.100692 0.993168 -0.058983 -0.562534 -0.988798 0.093331 -0.116485 8.201619
-0.109079 0.066885 0.991780 243.242672 0.100977 0.993318 -0.055883 -0.602572 -0.988891 0.094052 -0.115104 8.079155
-0.107254 0.065403 0.992078 244.279510 0.103521 0.993145 -0.054281 -0.645661 -0.988828 0.096879 -0.113289 7.942895
-0.105102 0.064776 0.992349 245.222131 0.106006 0.992921 -0.053586 -0.683428 -0.988795 0.099563 -0.111225 7.823127
-0.102816 0.064755 0.992590 246.167277 0.108013 0.992705 -0.053574 -0.725337 -0.988819 0.101705 -0.109061 7.706236
-0.100296 0.064023 0.992896 247.208671 0.107556 0.992777 -0.053150 -0.769313 -0.989127 0.101461 -0.106457 7.586911
-0.098040 0.066479 0.992959 248.156303 0.106844 0.992702 -0.055913 -0.808053 -0.989430 0.100610 -0.104428 7.471277
-0.095599 0.070163 0.992944 249.101259 0.107717 0.992384 -0.059753 -0.846151 -0.989575 0.101244 -0.102428 7.356466
-0.093309 0.071305 0.993081 250.150056 0.105978 0.992477 -0.061304 -0.896470 -0.989981 0.099524 -0.100164 7.249256
-0.091071 0.069874 0.993390 251.109733 0.104056 0.992743 -0.060289 -0.944841 -0.990393 0.097878 -0.097680 7.156336
-0.088806 0.068351 0.993701 252.072787 0.103294 0.992896 -0.059065 -0.993037 -0.990679 0.097398 -0.095235 7.064125
-0.086773 0.068217 0.993890 253.135313 0.101781 0.993039 -0.059272 -1.043638 -0.991015 0.096016 -0.093112 6.963132
-0.085985 0.068728 0.993923 254.099777 0.100175 0.993159 -0.060009 -1.084513 -0.991248 0.094406 -0.092281 6.866102
-0.085886 0.070190 0.993829 255.065581 0.098949 0.993184 -0.061594 -1.131329 -0.991379 0.093048 -0.092245 6.773380
-0.085753 0.071603 0.993740 256.130190 0.098162 0.993169 -0.063091 -1.184790 -0.991469 0.092137 -0.092196 6.674602
-0.085534 0.071984 0.993731 257.102216 0.098615 0.993101 -0.063450 -1.235753 -0.991443 0.092570 -0.092042 6.577453
-0.085248 0.071544 0.993788 258.076611 0.098434 0.993144 -0.063054 -1.288287 -0.991486 0.092447 -0.091706 6.484189
-0.085042 0.071232 0.993828 259.149365 0.098148 0.993189 -0.062788 -1.354468 -0.991532 0.092203 -0.091454 6.385934
-0.084704 0.071397 0.993845 260.124179 0.097592 0.993228 -0.063035 -1.412677 -0.991615 0.091652 -0.091099 6.298186
-0.083910 0.073524 0.993757 261.195465 0.100413 0.992822 -0.064976 -1.474503 -0.991401 0.094334 -0.090690 6.191827
-0.083820 0.074843 0.993666 262.167478 0.099213 0.992848 -0.066412 -1.528096 -0.991530 0.093018 -0.090646 6.097748
-0.083543 0.075408 0.993647 263.139969 0.102018 0.992541 -0.066746 -1.579372 -0.991268 0.095794 -0.090613 6.000890
-0.082925 0.071391 0.993995 264.213045 0.106341 0.992370 -0.062403 -1.635606 -0.990866 0.100528 -0.089884 5.890565
-0.082728 0.071164 0.994028 265.181433 0.104687 0.992549 -0.062346 -1.687225 -0.991058 0.098904 -0.089562 5.795516
-0.082674 0.075113 0.993742 266.144144 0.106460 0.992115 -0.066133 -1.736034 -0.990874 0.100327 -0.090019 5.698102
-0.081926 0.082544 0.993214 267.197177 0.109010 0.991327 -0.073395 -1.788202 -0.990659 0.102258 -0.090213 5.591381
-0.082563 0.082148 0.993194 268.157194 0.105832 0.991684 -0.073226 -1.836986 -0.990951 0.099066 -0.090571 5.492759
-0.082142 0.080233 0.993386 269.118171 0.104083 0.991994 -0.071514 -1.889446 -0.991171 0.097520 -0.089835 5.396566
-0.081485 0.079398 0.993507 270.172177 0.103237 0.992132 -0.070821 -1.951210 -0.991313 0.096796 -0.089041 5.291373
-0.081453 0.081497 0.993340 271.126963 0.101940 0.992106 -0.073037 -2.008306 -0.991450 0.095312 -0.089118 5.200664
-0.081738 0.083431 0.993156 272.079643 0.101271 0.992028 -0.075001 -2.063348 -0.991495 0.094448 -0.089535 5.107206
-0.083108 0.083689 0.993020 273.127271 0.097562 0.992364 -0.075468 -2.121747 -0.991753 0.090609 -0.090638 4.998828
-0.085810 0.083204 0.992831 274.078670 0.096179 0.992544 -0.074867 -2.180885 -0.991658 0.089065 -0.093173 4.900351
-0.088628 0.084397 0.992483 275.027850 0.097660 0.992339 -0.075664 -2.241021 -0.991266 0.090220 -0.096192 4.796249
-0.091395 0.086881 0.992017 276.069843 0.098181 0.992119 -0.077845 -2.307241 -0.990963 0.090282 -0.099205 4.686048
-0.093238 0.088566 0.991697 277.017296 0.100102 0.991823 -0.079165 -2.362404 -0.990599 0.091889 -0.101341 4.584082
-0.094520 0.088211 0.991607 277.966487 0.101313 0.991747 -0.078567 -2.424292 -0.990354 0.093037 -0.102676 4.484704
-0.095198 0.087358 0.991618 279.012684 0.102073 0.991748 -0.077570 -2.502114 -0.990211 0.093833 -0.103330 4.378758
-0.094931 0.087590 0.991623 279.961162 0.103094 0.991631 -0.077721 -2.568775 -0.990131 0.094852 -0.103166 4.279230
-0.093906 0.088565 0.991634 280.908889 0.102531 0.991600 -0.078853 -2.632133 -0.990287 0.094269 -0.102198 4.177856
-0.093096 0.089628 0.991615 281.951243 0.102139 0.991545 -0.080033 -2.699051 -0.990404 0.093831 -0.101464 4.064640
-0.092633 0.090750 0.991556 282.896865 0.101911 0.991472 -0.081222 -2.760784 -0.990471 0.093526 -0.101091 3.961679
-0.092115 0.092079 0.991482 283.845962 0.100530 0.991488 -0.082740 -2.826990 -0.990661 0.092052 -0.100588 3.859870
-0.091456 0.093418 0.991418 284.888019 0.099479 0.991467 -0.084246 -2.900253 -0.990828 0.090921 -0.099969 3.751058
-0.091016 0.094953 0.991312 285.835721 0.099405 0.991339 -0.085829 -2.968451 -0.990876 0.090730 -0.099666 3.650399
-0.090639 0.096513 0.991196 286.779232 0.098685 0.991265 -0.087496 -3.023845 -0.990982 0.089886 -0.099371 3.538143
-0.090010 0.097604 0.991147 287.817930 0.098837 0.991149 -0.088629 -3.086628 -0.991024 0.089985 -0.098860 3.409202
-0.089432 0.097566 0.991203 288.763630 0.098041 0.991220 -0.088722 -3.150068 -0.991156 0.089244 -0.098212 3.296286
-0.089052 0.096601 0.991331 289.709675 0.097747 0.991329 -0.087821 -3.214205 -0.991219 0.089079 -0.097722 3.184595
-0.088511 0.096389 0.991401 290.747759 0.096012 0.991498 -0.087826 -3.284734 -0.991437 0.087413 -0.097013 3.063784
-0.088008 0.096534 0.991431 291.688439 0.095910 0.991490 -0.088026 -3.350072 -0.991492 0.087341 -0.096517 2.957503
-0.087678 0.096788 0.991436 292.625132 0.096552 0.991408 -0.088246 -3.414184 -0.991459 0.087988 -0.096269 2.849695
-0.087352 0.096095 0.991532 293.651881 0.094588 0.991640 -0.087773 -3.487841 -0.991677 0.086120 -0.095712 2.742033
-0.086621 0.094432 0.991756 294.581660 0.092749 0.991938 -0.086349 -3.552404 -0.991915 0.084505 -0.094681 2.643568
-0.084713 0.094273 0.991936 295.597668 0.093993 0.991831 -0.086236 -3.626683 -0.991962 0.085929 -0.092882 2.535728
-0.082503 0.095377 0.992016 296.514515 0.097152 0.991439 -0.087241 -3.688382 -0.991844 0.089179 -0.091063 2.438266
-0.080307 0.099764 0.991765 297.422003 0.102630 0.990518 -0.091328 -3.753412 -0.991473 0.094450 -0.089785 2.341983
-0.078406 0.104078 0.991474 298.322993 0.103144 0.990045 -0.095771 -3.823045 -0.991571 0.094756 -0.088361 2.252535
-0.077562 0.107231 0.991204 299.308379 0.103727 0.989672 -0.098949 -3.901124 -0.991577 0.095140 -0.087884 2.157022
-0.076000 0.108829 0.991151 300.197447 0.105540 0.989320 -0.100535 -3.977081 -0.991507 0.096966 -0.086674 2.061686
-0.075250 0.104779 0.991644 301.080185 0.105125 0.989756 -0.096602 -4.062313 -0.991608 0.096978 -0.085494 1.955430
-0.075094 0.101743 0.991972 302.046535 0.102445 0.990305 -0.093817 -4.148973 -0.991900 0.094578 -0.084789 1.855444
-0.074894 0.099240 0.992241 302.915299 0.099181 0.990843 -0.091614 -4.228148 -0.992247 0.091550 -0.084051 1.766059
-0.074391 0.100427 0.992159 303.862540 0.095407 0.991069 -0.093164 -4.312000 -0.992655 0.087728 -0.083308 1.675963
-0.073983 0.102410 0.991987 304.714918 0.093596 0.991036 -0.095331 -4.386238 -0.992858 0.085793 -0.082905 1.582215
-0.073479 0.103813 0.991879 305.563926 0.094545 0.990813 -0.096698 -4.458087 -0.992805 0.086672 -0.082619 1.485436
-0.073663 0.101470 0.992108 306.496348 0.094687 0.991028 -0.094329 -4.538507 -0.992778 0.086991 -0.082610 1.381818
-0.073886 0.099844 0.992256 307.340908 0.095272 0.991131 -0.092637 -4.609359 -0.992706 0.087690 -0.082743 1.290153
-0.074013 0.100177 0.992213 308.180226 0.096815 0.990964 -0.092829 -4.685537 -0.992547 0.089191 -0.083043 1.199508
-0.074260 0.099475 0.992265 309.102087 0.098553 0.990874 -0.091960 -4.771357 -0.992357 0.090962 -0.083386 1.100224
-0.074345 0.097850 0.992420 309.939528 0.100300 0.990862 -0.090183 -4.836192 -0.992176 0.092835 -0.083480 1.009908
-0.074657 0.095595 0.992617 310.774122 0.099949 0.991100 -0.087931 -4.916724 -0.992188 0.092646 -0.083547 0.924664
-0.074300 0.098779 0.992332 311.686178 0.098621 0.990932 -0.091256 -4.992773 -0.992347 0.091084 -0.083368 0.835647
-0.073779 0.100682 0.992179 312.515900 0.099503 0.990669 -0.093130 -5.068110 -0.992298 0.091854 -0.083109 0.755075
-0.072849 0.097366 0.992579 313.349077 0.102366 0.990697 -0.089669 -5.141674 -0.992076 0.095074 -0.082138 0.673783
-0.070692 0.090289 0.993403 314.264229 0.104862 0.991050 -0.082613 -5.222789 -0.991971 0.098330 -0.079528 0.588023
-0.068270 0.086698 0.993893 315.086350 0.104115 0.991397 -0.079328 -5.290926 -0.992220 0.098063 -0.076709 0.516752
-0.064944 0.089779 0.993842 315.892649 0.103244 0.991204 -0.082794 -5.366396 -0.992534 0.097231 -0.073642 0.450872
-0.060799 0.094319 0.993684 316.765743 0.105963 0.990510 -0.087534 -5.444821 -0.992510 0.099972 -0.070217 0.379656
-0.056982 0.094227 0.993919 317.552119 0.104938 0.990587 -0.087895 -5.513847 -0.992845 0.099291 -0.066334 0.319349
-0.052947 0.088676 0.994652 318.332646 0.102540 0.991267 -0.082916 -5.586667 -0.993319 0.097601 -0.061578 0.267960
-0.048630 0.080025 0.995606 319.181702 0.099141 0.992250 -0.074912 -5.659111 -0.993884 0.095062 -0.056187 0.217489
-0.044401 0.074052 0.996265 319.938619 0.096844 0.992871 -0.069484 -5.721259 -0.994309 0.093397 -0.051256 0.175372
-0.040171 0.070943 0.996671 320.680806 0.095946 0.993141 -0.066824 -5.774699 -0.994576 0.092942 -0.046702 0.134382
-0.036212 0.067756 0.997045 321.482573 0.093956 0.993510 -0.064103 -5.830698 -0.994918 0.091357 -0.042343 0.094201
-0.033739 0.064634 0.997338 322.199368 0.092368 0.993837 -0.061283 -5.876008 -0.995153 0.090055 -0.039501 0.059846
-0.032234 0.061946 0.997559 322.905370 0.090341 0.994173 -0.058816 -5.918853 -0.995389 0.088225 -0.037643 0.028807
-0.031998 0.058076 0.997799 323.668558 0.088049 0.994593 -0.055066 -5.963707 -0.995602 0.086093 -0.036939 -0.003951
-0.032977 0.054951 0.997944 324.353223 0.085853 0.994953 -0.051949 -6.005082 -0.995762 0.083963 -0.037528 -0.029429
-0.035426 0.052488 0.997993 325.026336 0.085292 0.995135 -0.049310 -6.043140 -0.995726 0.083374 -0.039731 -0.056811
-0.039863 0.051047 0.997900 325.750699 0.084400 0.995297 -0.047542 -6.079617 -0.995634 0.082327 -0.043984 -0.092796
-0.045147 0.051333 0.997661 326.396585 0.084636 0.995285 -0.047381 -6.112137 -0.995389 0.082299 -0.049279 -0.127074
-0.051392 0.050854 0.997383 327.031962 0.084788 0.995319 -0.046379 -6.140094 -0.995073 0.082182 -0.055463 -0.170235
-0.059121 0.051323 0.996931 327.716006 0.086430 0.995190 -0.046108 -6.177181 -0.994502 0.083439 -0.063272 -0.218026
-0.067034 0.050619 0.996466 328.324535 0.088009 0.995119 -0.044630 -6.199294 -0.993862 0.084706 -0.071162 -0.267663
-0.076344 0.047722 0.995939 328.984814 0.089603 0.995141 -0.040816 -6.225885 -0.993047 0.086123 -0.080249 -0.323712
-0.084469 0.044874 0.995415 329.574210 0.091026 0.995156 -0.037138 -6.249442 -0.992260 0.087472 -0.088144 -0.383082
-0.092334 0.042836 0.994806 330.153065 0.091653 0.995198 -0.034346 -6.270458 -0.991501 0.088006 -0.095816 -0.445623
-0.100936 0.041664 0.994020 330.776774 0.091244 0.995300 -0.032453 -6.290749 -0.990700 0.087423 -0.104263 -0.516232
-0.108621 0.040532 0.993256 331.334306 0.091507 0.995334 -0.030610 -6.303793 -0.989863 0.087565 -0.111824 -0.587449
-0.116085 0.039387 0.992458 331.880499 0.091415 0.995396 -0.028811 -6.314862 -0.989024 0.087381 -0.119151 -0.654105
-0.124163 0.040714 0.991426 332.466563 0.090578 0.995451 -0.029536 -6.327763 -0.988119 0.086134 -0.127286 -0.732979
-0.131651 0.040846 0.990454 332.989200 0.088312 0.995661 -0.029322 -6.339841 -0.987355 0.083608 -0.134687 -0.800400
-0.138692 0.040153 0.989521 333.500840 0.083585 0.996087 -0.028704 -6.355127 -0.986802 0.078728 -0.141506 -0.869360
-0.145175 0.039760 0.988607 334.052677 0.078163 0.996530 -0.028600 -6.373695 -0.986314 0.073121 -0.147779 -0.940891
-0.149927 0.039800 0.987896 334.542629 0.075731 0.996716 -0.028662 -6.389268 -0.985793 0.070517 -0.152449 -1.010675
-0.153428 0.037251 0.987457 335.023800 0.073919 0.996922 -0.026123 -6.404416 -0.985391 0.068983 -0.155710 -1.082591
-0.156012 0.033548 0.987185 335.539749 0.071908 0.997157 -0.022523 -6.419405 -0.985134 0.067473 -0.157981 -1.158280
-0.157722 0.030021 0.987027 335.998010 0.068450 0.997466 -0.019401 -6.430476 -0.985108 0.064502 -0.159378 -1.225628
-0.159484 0.026863 0.986835 336.490500 0.063808 0.997820 -0.016850 -6.448813 -0.985136 0.060280 -0.160851 -1.292823
-0.159673 0.023450 0.986891 336.930102 0.059474 0.998130 -0.014094 -6.463962 -0.985377 0.056444 -0.160769 -1.351800
-0.157761 0.020755 0.987259 337.360605 0.057998 0.998248 -0.011718 -6.478829 -0.985773 0.055410 -0.158689 -1.410420
-0.154048 0.019243 0.987876 337.782089 0.057662 0.998281 -0.010454 -6.487615 -0.986379 0.055353 -0.154892 -1.470532
-0.147939 0.019154 0.988811 338.235417 0.058014 0.998259 -0.010658 -6.495977 -0.987293 0.055789 -0.148793 -1.530716
-0.140230 0.018996 0.989937 338.638882 0.058360 0.998236 -0.010889 -6.502759 -0.988398 0.056245 -0.141091 -1.579346
-0.131296 0.018781 0.991165 339.034408 0.058571 0.998221 -0.011156 -6.510346 -0.989612 0.056588 -0.132162 -1.622156
-0.121598 0.018099 0.992414 339.460497 0.057372 0.998290 -0.011177 -6.518435 -0.990920 0.055578 -0.122428 -1.660197
-0.113454 0.017016 0.993397 339.841200 0.054959 0.998430 -0.010826 -6.524103 -0.992022 0.053368 -0.114211 -1.690987
-0.105319 0.017708 0.994281 340.218805 0.053426 0.998498 -0.012124 -6.528727 -0.993002 0.051844 -0.106107 -1.718749
-0.096625 0.018650 0.995146 340.634697 0.052920 0.998506 -0.013575 -6.533037 -0.993913 0.051352 -0.097468 -1.747619
-0.089462 0.017330 0.995839 341.013886 0.052335 0.998549 -0.012676 -6.538718 -0.994614 0.050984 -0.090239 -1.769655
-0.082398 0.014388 0.996496 341.391354 0.051995 0.998596 -0.010119 -6.543860 -0.995242 0.050979 -0.083031 -1.792386
-0.073803 0.010782 0.997215 341.801770 0.053346 0.998553 -0.006848 -6.549568 -0.995845 0.052692 -0.074271 -1.815176
-0.059754 0.009965 0.998163 342.175547 0.055461 0.998439 -0.006648 -6.549612 -0.996671 0.054962 -0.060214 -1.821274
-0.045696 0.009096 0.998914 342.549148 0.057561 0.998321 -0.006457 -6.549669 -0.997296 0.057204 -0.046143 -1.827271
-0.031631 0.008174 0.999466 342.922573 0.059646 0.998200 -0.006276 -6.549739 -0.997718 0.059415 -0.032061 -1.833169
-0.012445 0.009246 0.999880 343.278898 0.060788 0.998115 -0.008473 -6.548476 -0.998073 0.060675 -0.012983 -1.817499
0.009221 0.008992 0.999917 343.635314 0.062251 0.998015 -0.009549 -6.547605 -0.998018 0.062334 0.008643 -1.788078
0.035510 0.008530 0.999333 344.024959 0.063266 0.997939 -0.010766 -6.548103 -0.997365 0.063606 0.034897 -1.748634
0.062423 0.008200 0.998016 344.379238 0.064672 0.997831 -0.012244 -6.549554 -0.995952 0.065308 0.061757 -1.695305
0.091501 0.008366 0.995770 344.733544 0.066480 0.997683 -0.014491 -6.551470 -0.993583 0.067525 0.090733 -1.632610
0.125368 0.009147 0.992068 345.126664 0.067301 0.997576 -0.017703 -6.553589 -0.989825 0.068986 0.124449 -1.544331
0.158038 0.009721 0.987385 345.489137 0.067257 0.997523 -0.020586 -6.556199 -0.985140 0.069662 0.156992 -1.450964
0.192567 0.009238 0.981240 345.858807 0.066741 0.997517 -0.022489 -6.561074 -0.979012 0.069819 0.191473 -1.342090
0.232011 0.008556 0.972675 346.277706 0.064848 0.997601 -0.024243 -6.571228 -0.970549 0.068701 0.230900 -1.194082
0.268999 0.007383 0.963112 346.667978 0.063166 0.997683 -0.025290 -6.581340 -0.961067 0.067638 0.267909 -1.041879
0.306613 0.006674 0.951811 347.066625 0.061192 0.997769 -0.026709 -6.593539 -0.949865 0.066433 0.305520 -0.866325
0.344848 0.004390 0.938648 347.471979 0.060570 0.997801 -0.026920 -6.603011 -0.936702 0.066137 0.343824 -0.676485
0.387560 0.000596 0.921844 347.926691 0.060985 0.997793 -0.026285 -6.612817 -0.919825 0.066406 0.386668 -0.442158
0.426572 -0.001209 0.904453 348.341400 0.059242 0.997889 -0.026607 -6.622247 -0.902511 0.064931 0.425744 -0.203051
0.465794 0.001952 0.884891 348.749443 0.051859 0.998219 -0.029500 -6.638407 -0.883372 0.059631 0.464863 0.063695
0.508241 0.003680 0.861207 349.197190 0.047303 0.998362 -0.032182 -6.658840 -0.859915 0.057095 0.507235 0.383065
0.546208 0.002741 0.837645 349.603351 0.044955 0.998458 -0.032581 -6.675912 -0.836442 0.055453 0.545242 0.690414
0.582571 -0.000164 0.812780 350.006102 0.043890 0.998547 -0.031257 -6.693543 -0.811594 0.053882 0.581732 1.020138
0.619010 -0.001312 0.785382 350.437193 0.040538 0.998719 -0.030283 -6.714603 -0.784336 0.050583 0.618270 1.403589
0.647886 -0.000141 0.761738 350.817283 0.033554 0.999035 -0.028354 -6.738492 -0.760998 0.043930 0.647265 1.778373
0.674062 0.001613 0.738673 351.190687 0.027996 0.999223 -0.027729 -6.757331 -0.738144 0.039371 0.673493 2.166810
0.699824 -0.001704 0.714313 351.601255 0.028104 0.999289 -0.025151 -6.772597 -0.713762 0.037676 0.699374 2.607130
0.719516 -0.003443 0.694467 351.969260 0.028298 0.999303 -0.024364 -6.788293 -0.693899 0.037182 0.719112 3.017008
0.736876 -0.003492 0.676019 352.327630 0.027725 0.999301 -0.025059 -6.802458 -0.675459 0.037208 0.736458 3.439208
0.755053 -0.003345 0.655656 352.714973 0.026163 0.999344 -0.025031 -6.818568 -0.655142 0.036054 0.754645 3.918473
0.770763 -0.005379 0.637099 353.061169 0.027195 0.999331 -0.024464 -6.827019 -0.636541 0.036182 0.770394 4.362740
0.786986 -0.008967 0.616906 353.436903 0.030490 0.999238 -0.024371 -6.836391 -0.616217 0.037988 0.786660 4.866057
0.800269 -0.011714 0.599527 353.772364 0.031515 0.999249 -0.022543 -6.850396 -0.598813 0.036934 0.800037 5.342604
0.811926 -0.014454 0.583582 354.102242 0.032086 0.999287 -0.019890 -6.864676 -0.582878 0.034874 0.811811 5.834753
0.823094 -0.018332 0.567609 354.465534 0.033734 0.999292 -0.016644 -6.878109 -0.566902 0.032847 0.823130 6.386438
0.831777 -0.021527 0.554693 354.792907 0.035443 0.999268 -0.014367 -6.890007 -0.553978 0.031610 0.831931 6.899834
0.838529 -0.024599 0.544301 355.121113 0.037375 0.999224 -0.012419 -6.898471 -0.543574 0.030757 0.838798 7.421237
0.844019 -0.028969 0.535530 355.483756 0.040296 0.999143 -0.009459 -6.905489 -0.534797 0.029563 0.844463 8.006092
0.847438 -0.032799 0.529881 355.816258 0.042525 0.999076 -0.006168 -6.909019 -0.529189 0.027760 0.848050 8.546551
0.849714 -0.035621 0.526040 356.150854 0.043868 0.999032 -0.003211 -6.912221 -0.525416 0.025805 0.850454 9.094638
0.850702 -0.039833 0.524137 356.528243 0.046856 0.998902 -0.000136 -6.919209 -0.523556 0.024675 0.851634 9.700659
0.850901 -0.043826 0.523494 356.879498 0.050517 0.998722 0.001500 -6.924023 -0.522891 0.025169 0.852028 10.253902
0.850631 -0.049138 0.523462 357.238364 0.056504 0.998401 0.001902 -6.927409 -0.522718 0.027959 0.852047 10.811127
0.850143 -0.054298 0.523745 357.634096 0.062742 0.998028 0.001625 -6.927069 -0.522800 0.031479 0.851874 11.432741
0.849642 -0.060995 0.523820 357.999323 0.069681 0.997564 0.003135 -6.926455 -0.522735 0.033837 0.851823 12.003961
0.849503 -0.064719 0.523599 358.404107 0.073859 0.997263 0.003434 -6.927697 -0.522388 0.035755 0.851958 12.644375
0.849242 -0.066836 0.523756 358.775052 0.078386 0.996923 0.000118 -6.934471 -0.522153 0.040955 0.851868 13.229395
0.849330 -0.066420 0.523667 359.148350 0.079721 0.996813 -0.002866 -6.937666 -0.521808 0.044181 0.851918 13.825423
0.849069 -0.066147 0.524125 359.564249 0.084796 0.996330 -0.011626 -6.947017 -0.521433 0.054315 0.851562 14.480842
0.848972 -0.064580 0.524477 359.943773 0.085295 0.996237 -0.015398 -6.958063 -0.521509 0.057808 0.851285 15.092742
0.848960 -0.063559 0.524620 360.328134 0.085209 0.996215 -0.017194 -6.972639 -0.521542 0.059300 0.851163 15.714373
0.848777 -0.062985 0.524987 360.757207 0.085324 0.996183 -0.018431 -6.990220 -0.521822 0.060437 0.850911 16.407160
0.848637 -0.063090 0.525200 361.155760 0.084950 0.996230 -0.017592 -7.007979 -0.522110 0.059545 0.850797 17.045362
0.848423 -0.065526 0.525247 361.558578 0.086349 0.996149 -0.015206 -7.026501 -0.522228 0.058255 0.850814 17.692085
0.848143 -0.068231 0.525356 362.008434 0.088441 0.995991 -0.013425 -7.042220 -0.522334 0.057849 0.850777 18.412536
0.848073 -0.068479 0.525435 362.418950 0.088762 0.995962 -0.013464 -7.059078 -0.522391 0.058057 0.850727 19.073962
0.848044 -0.068166 0.525523 362.834316 0.089529 0.995867 -0.015300 -7.073958 -0.522308 0.060025 0.850642 19.742313
0.848062 -0.067664 0.525560 363.296153 0.090713 0.995711 -0.018184 -7.090112 -0.522075 0.063096 0.850562 20.484268
0.848135 -0.067747 0.525430 363.722350 0.091874 0.995571 -0.019936 -7.104474 -0.521752 0.065182 0.850603 21.168376
0.848238 -0.068135 0.525215 364.192947 0.092463 0.995511 -0.020186 -7.116403 -0.521482 0.065685 0.850730 21.928930
0.848479 -0.069353 0.524665 364.627701 0.093278 0.995454 -0.019263 -7.128238 -0.520944 0.065284 0.851091 22.630439
0.848722 -0.070427 0.524129 365.066367 0.094156 0.995381 -0.018718 -7.142617 -0.520390 0.065237 0.851433 23.338690
0.849346 -0.070755 0.523073 365.551950 0.093744 0.995441 -0.017568 -7.157174 -0.519445 0.063957 0.852107 24.127431
0.849764 -0.071588 0.522280 365.998344 0.094728 0.995346 -0.017694 -7.171235 -0.518583 0.064511 0.852590 24.849513
0.850308 -0.071086 0.521463 366.444170 0.093742 0.995449 -0.017157 -7.188708 -0.517870 0.063472 0.853101 25.572983
0.850694 -0.070433 0.520921 366.936782 0.092593 0.995566 -0.016601 -7.205663 -0.517442 0.062356 0.853443 26.371711
0.851185 -0.069891 0.520192 367.384061 0.090991 0.995737 -0.015105 -7.224868 -0.516919 0.060190 0.853916 27.097775
0.851379 -0.071871 0.519604 367.836313 0.092050 0.995668 -0.013105 -7.240044 -0.516411 0.058987 0.854307 27.830156
0.852063 -0.071404 0.518546 368.331248 0.091098 0.995763 -0.012574 -7.258677 -0.515451 0.057953 0.854957 28.636727
0.852463 -0.070315 0.518037 368.781922 0.090164 0.995839 -0.013202 -7.273626 -0.514954 0.057962 0.855256 29.373700
0.852829 -0.070407 0.517423 369.234005 0.091609 0.995674 -0.015509 -7.286242 -0.514093 0.060627 0.855589 30.109432
0.853096 -0.069618 0.517089 369.729151 0.091381 0.995676 -0.016708 -7.305287 -0.513690 0.061505 0.855769 30.920845
0.852998 -0.069931 0.517208 370.182346 0.091769 0.995640 -0.016730 -7.322790 -0.513783 0.061734 0.855696 31.661131
0.852866 -0.069382 0.517500 370.634933 0.090308 0.995796 -0.015324 -7.340118 -0.514261 0.059803 0.855546 32.402165
0.852282 -0.071643 0.518154 371.137955 0.092332 0.995627 -0.014211 -7.353905 -0.514870 0.059954 0.855169 33.218648
0.851939 -0.072230 0.518635 371.593759 0.093137 0.995550 -0.014341 -7.368934 -0.515291 0.060522 0.854875 33.957147
0.851051 -0.073493 0.519915 372.051981 0.094787 0.995393 -0.014453 -7.385515 -0.516457 0.061581 0.854096 34.696837
0.849990 -0.074422 0.521516 372.556674 0.096095 0.995265 -0.014591 -7.403714 -0.517961 0.062517 0.853117 35.509077
0.848854 -0.074491 0.523352 373.017014 0.096765 0.995190 -0.015299 -7.419419 -0.519695 0.063628 0.851979 36.247114
0.847628 -0.074349 0.525356 373.478449 0.097199 0.995136 -0.015992 -7.434237 -0.521612 0.064620 0.850732 36.984528
0.846327 -0.073376 0.527586 373.986414 0.096111 0.995246 -0.015760 -7.451745 -0.523922 0.064045 0.849355 37.795093
0.844748 -0.074571 0.529943 374.458328 0.097194 0.995154 -0.014898 -7.473783 -0.526264 0.064093 0.847903 38.519488
0.843236 -0.075066 0.532276 374.932701 0.097763 0.995104 -0.014539 -7.496488 -0.528578 0.064296 0.846446 39.240196
0.841761 -0.074437 0.534694 375.453965 0.096206 0.995278 -0.012898 -7.516631 -0.531209 0.062297 0.844948 40.043761
0.840538 -0.073595 0.536730 375.931435 0.094478 0.995461 -0.011461 -7.536182 -0.533450 0.060343 0.843676 40.771381
0.839329 -0.072145 0.538815 376.455108 0.092862 0.995614 -0.011346 -7.555689 -0.535634 0.059558 0.842347 41.575577
0.838381 -0.068803 0.540725 376.932193 0.090649 0.995787 -0.013843 -7.575161 -0.537494 0.060622 0.841085 42.301419
0.837355 -0.065367 0.542737 377.407764 0.088075 0.995987 -0.015928 -7.591019 -0.539517 0.061139 0.839752 43.028682
0.836272 -0.062358 0.544758 377.926072 0.085221 0.996221 -0.016788 -7.609865 -0.541652 0.060465 0.838425 43.820958
0.835424 -0.062707 0.546017 378.403939 0.084629 0.996299 -0.015065 -7.630204 -0.543051 0.058794 0.837639 44.542657
0.834750 -0.062817 0.547035 378.883397 0.084068 0.996364 -0.013869 -7.651889 -0.544174 0.057565 0.836995 45.263199
0.834242 -0.063123 0.547774 379.410478 0.082975 0.996485 -0.011539 -7.674339 -0.545120 0.055078 0.836547 46.054332
0.833660 -0.065502 0.548380 379.894829 0.086095 0.996216 -0.011889 -7.689229 -0.545526 0.057124 0.836145 46.774524
0.833753 -0.067098 0.548045 380.380117 0.088693 0.995974 -0.012993 -7.705297 -0.544967 0.059440 0.836348 47.491016
0.834044 -0.067397 0.547565 380.913752 0.089567 0.995885 -0.013848 -7.723420 -0.544378 0.060594 0.836649 48.289278
0.834636 -0.068917 0.546474 381.396212 0.090789 0.995784 -0.013084 -7.741883 -0.543268 0.060534 0.837374 49.013366
0.835473 -0.069696 0.545094 381.878358 0.091326 0.995741 -0.012661 -7.758591 -0.541890 0.060360 0.838279 49.742217
0.836551 -0.069281 0.543492 382.410198 0.090972 0.995767 -0.013091 -7.771967 -0.540284 0.060394 0.839313 50.544866
0.837938 -0.069763 0.541288 382.894319 0.090907 0.995782 -0.012389 -7.779439 -0.538141 0.059588 0.840746 51.276299
0.839661 -0.070242 0.538549 383.367868 0.090352 0.995849 -0.010984 -7.785445 -0.535543 0.057882 0.842522 52.007421
0.841744 -0.070898 0.535202 383.870414 0.088921 0.996007 -0.007910 -7.794627 -0.532504 0.054249 0.844687 52.809432
0.843731 -0.071056 0.532042 384.315967 0.087150 0.996182 -0.005162 -7.804006 -0.529644 0.050723 0.846702 53.531211
0.845788 -0.071152 0.528753 384.747522 0.086333 0.996258 -0.004035 -7.816324 -0.526487 0.049061 0.848766 54.240882
0.848426 -0.070480 0.524600 385.212355 0.085835 0.996297 -0.004967 -7.829161 -0.522307 0.049243 0.851334 55.005300
0.851181 -0.069598 0.520238 385.618375 0.085493 0.996317 -0.006590 -7.836479 -0.517863 0.050086 0.853996 55.692069
0.854347 -0.068892 0.515116 386.012106 0.084893 0.996362 -0.007545 -7.840986 -0.512722 0.050175 0.857087 56.369305
0.858214 -0.067480 0.508836 386.426762 0.083808 0.996439 -0.009207 -7.846318 -0.506403 0.050546 0.860814 57.103674
0.861861 -0.067167 0.502678 386.790545 0.083627 0.996445 -0.010237 -7.855538 -0.500203 0.050860 0.864413 57.761345
0.865888 -0.066824 0.495755 387.141515 0.081958 0.996597 -0.008816 -7.860223 -0.493479 0.048265 0.868418 58.412088
0.870452 -0.066619 0.487725 387.507261 0.080499 0.996726 -0.007523 -7.865512 -0.485628 0.045810 0.872965 59.113784
0.874606 -0.066342 0.480274 387.828779 0.079616 0.996799 -0.007294 -7.874316 -0.478253 0.044617 0.877088 59.736188
0.878832 -0.066118 0.472528 388.133505 0.078544 0.996889 -0.006592 -7.883092 -0.470622 0.042907 0.881291 60.347901
0.883170 -0.064162 0.464643 388.455521 0.077922 0.996905 -0.010448 -7.886010 -0.462535 0.045433 0.885436 60.998622
0.886939 -0.063450 0.457508 388.731922 0.077120 0.996958 -0.011243 -7.890352 -0.455404 0.045254 0.889134 61.579571
0.890643 -0.062995 0.450318 388.999021 0.075974 0.997052 -0.010784 -7.896809 -0.448311 0.043817 0.892803 62.147188
0.894495 -0.063008 0.442617 389.275817 0.075529 0.997086 -0.010699 -7.901763 -0.440653 0.043001 0.896647 62.755398
0.897939 -0.061607 0.435786 389.516654 0.073912 0.997201 -0.011321 -7.907075 -0.433869 0.042375 0.899979 63.294964
0.901186 -0.060152 0.429239 389.748507 0.072131 0.997327 -0.011677 -7.912232 -0.427389 0.041485 0.903115 63.826428
0.904610 -0.058605 0.422191 389.987427 0.070068 0.997474 -0.011670 -7.912848 -0.420441 0.040138 0.906432 64.398017
0.907539 -0.056841 0.416104 390.197627 0.067870 0.997625 -0.011748 -7.916829 -0.414448 0.038902 0.909241 64.909139
0.910136 -0.054764 0.410673 390.398244 0.065342 0.997794 -0.011754 -7.921111 -0.409124 0.037532 0.911707 65.414425
0.912746 -0.052482 0.405142 390.616889 0.062179 0.998007 -0.010803 -7.928264 -0.403767 0.035052 0.914190 65.960947
0.914948 -0.050514 0.400397 390.807764 0.059488 0.998179 -0.010007 -7.932710 -0.399163 0.032975 0.916287 66.448705
0.916889 -0.048033 0.396242 390.993020 0.056389 0.998364 -0.009458 -7.935272 -0.395140 0.031015 0.918097 66.926191
0.918902 -0.043783 0.392048 391.185939 0.051659 0.998619 -0.009556 -7.938868 -0.391089 0.029034 0.919895 67.443252
0.920406 -0.041057 0.388802 391.356540 0.048489 0.998780 -0.009318 -7.942437 -0.387945 0.027429 0.921274 67.899864
0.921941 -0.037349 0.385526 391.537044 0.044719 0.998948 -0.010164 -7.945954 -0.384741 0.026611 0.922641 68.389530
0.923194 -0.033351 0.382884 391.694089 0.041146 0.999079 -0.012185 -7.950014 -0.382125 0.027004 0.923716 68.816112
0.924265 -0.027958 0.380726 391.841824 0.036207 0.999239 -0.014521 -7.954416 -0.380030 0.027207 0.924574 69.229396
0.925279 -0.021753 0.378663 391.998044 0.030511 0.999387 -0.017144 -7.959707 -0.378058 0.027417 0.925376 69.674445
0.926215 -0.017106 0.376607 392.141880 0.027015 0.999413 -0.021047 -7.966361 -0.376026 0.029668 0.926134 70.077313
0.927071 -0.013152 0.374655 392.287109 0.024576 0.999367 -0.025730 -7.973802 -0.374079 0.033061 0.926807 70.480633
